cdp=373 \
tnmo=0.00644778,0.277255,0.657675,1.12192,1.25087,1.55392,2.1858,2.63715,5.99645 \
vnmo=7794.12,7588.24,7838.24,8676.47,8882.35,9926.47,10558.8,12661.8,13970.6 \
